acquire 1574
    0377 1574 1578 2460 2587
    2625 2658 2717 2774 2818
    2833 2866 2879 3076 3093
    3366 3772 3792 4307 4365
    4470 4531 4730 4757 4774
    4831 5108 5141 5161 5190
    5210 5220 5729 5754 5768
    6613 6634 6655 7960 8131
    8177 8213
allocproc 2455
    2455 2507 2560
allocuvm 1953
    0422 1953 1967 2537 6446
    6458
alltraps 3254
    3209 3217 3230 3235 3253
    3254
ALT 7710
    7710 7738 7740
argfd 5919
    5919 5956 5971 5983 5994
    6006
argint 3545
    0395 3545 3558 3574 3733
    3756 3770 5924 5971 5983
    6208 6276 6277 6331
argptr 3554
    0396 3554 3805 5971 5983
    6006 6357
argstr 3571
    0397 3571 6018 6108 6208
    6257 6275 6307 6331
__attribute__ 1310
    0271 0365 1209 1310
BACK 8561
    8561 8674 8820 9089
backcmd 8596 8814
    8596 8609 8675 8814 8816
    8942 9055 9090
BACKSPACE 8050
    8050 8067 8109 8141 8147
balloc 4904
    4904 4924 5267 5275 5279
BBLOCK 4060
    4060 4911 4935
B_BUSY 3859
    3859 4358 4476 4477 4490
    4493 4517 4528 4540
B_DIRTY 3861
    3861 4293 4316 4321 4360
    4378 4490 4519 4839
begin_op 4728
    0335 2620 4728 5783 5874
    6021 6111 6211 6256 6274
    6306 6420
bfree 4929
    4929 5314 5324 5327
bget 4466
    4466 4498 4506
binit 4439
    0262 1231 4439
bmap 5260
    5022 5260 5286 5369 5419
bootmain 9217
    9168 9217
BPB 4057
    4057 4060 4910 4912 4936
bread 4502
    0263 4502 4677 4678 4690
    4706 4788 4789 4882 4893
    4911 4935 5060 5081 5168
    5276 5320 5369 5419
brelse 4526
    0264 4526 4529 4681 4682
    4697 4714 4792 4793 4884
    4896 4917 4922 4942 5066
    5069 5090 5176 5282 5326
    5372 5423
BSIZE 4005
    3857 4005 4023 4051 4057
    4281 4295 4317 4658 4679
    4790 4894 5369 5370 5371
    5415 5419 5420 5421
buf 3850
    0250 0263 0264 0265 0307
    0334 2120 2123 2132 2134
    3850 3854 3855 3856 4212
    4228 4231 4275 4304 4354
    4356 4359 4427 4431 4435
    4441 4453 4465 4468 4501
    4504 4515 4526 4605 4677
    4678 4690 4691 4697 4706
    4707 4713 4714 4788 4789
    4822 4869 4880 4891 4907
    4931 5056 5078 5155 5263
    5309 5355 5405 7929 7940
    7944 7947 8118 8139 8153
    8187 8208 8215 8684 8687
    8688 8689 8703 8715 8716
    8719 8720 8721 8725
B_VALID 3860
    3860 4320 4360 4378 4507
bwrite 4515
    0265 4515 4518 4680 4713
    4791
bzero 4889
    4889 4918
C 7731 8124
    7731 7779 7804 7805 7806
    7807 7808 7810 8124 8134
    8137 8144 8155 8188
CAPSLOCK 7712
    7712 7745 7886
cgaputc 8055
    8055 8113
clearpteu 2029
    0431 2029 2035 6460
cli 0557
    0557 0559 1126 1660 8010
    8104 9112
cmd 8565
    8565 8577 8586 8587 8592
    8593 8598 8602 8606 8615
    8618 8623 8631 8637 8641
    8651 8675 8677 8752 8755
    8757 8758 8759 8760 8763
    8764 8766 8768 8769 8770
    8771 8772 8773 8774 8775
    8776 8779 8780 8782 8784
    8785 8786 8787 8788 8789
    8800 8801 8803 8805 8806
    8807 8808 8809 8810 8813
    8814 8816 8818 8819 8820
    8821 8822 8912 8913 8914
    8915 8917 8921 8924 8930
    8931 8934 8937 8939 8942
    8946 8948 8950 8953 8955
    8958 8960 8963 8964 8975
    8978 8981 8985 9000 9003
    9008 9012 9013 9016 9021
    9022 9028 9037 9038 9044
    9045 9051 9052 9061 9064
    9066 9072 9073 9078 9084
    9090 9091 9094
CMOS_PORT 7385
    7385 7399 7400 7438
CMOS_RETURN 7386
    7386 7441
CMOS_STATA 7425
    7425 7473
CMOS_STATB 7426
    7426 7466
CMOS_UIP 7427
    7427 7473
COM1 8313
    8313 8323 8326 8327 8328
    8329 8330 8331 8334 8340
    8341 8357 8359 8367 8369
commit 4801
    4653 4773 4801
CONSOLE 4137
    4137 8227 8228
consoleinit 8223
    0268 1227 8223
consoleintr 8127
    0270 7898 8127 8375
consoleread 8170
    8170 8228
consolewrite 8208
    8208 8227
consputc 8101
    7916 7947 7968 7986 7989
    7993 7994 8101 8141 8147
    8154 8215
context 2343
    0251 0374 2306 2343 2361
    2488 2489 2490 2491 2728
    2766 2928
CONV 7482
    7482 7483 7484 7485 7486
    7487 7488 7489
copyout 2118
    0430 2118 6468 6479
copyuvm 2053
    0427 2053 2064 2066 2564
cprintf 7952
    0269 1224 1264 1967 2926
    2930 2932 3390 3403 3408
    3661 3665 5022 7119 7139
    7361 7562 7952 8012 8013
    8014 8017
cpu 2304
    0310 1224 1264 1266 1278
    1506 1566 1587 1608 1646
    1661 1662 1670 1672 1718
    1731 1737 1876 1877 1878
    1879 2304 2314 2318 2329
    2728 2759 2765 2766 2767
    3365 3390 3391 3403 3404
    3408 3410 7013 7014 7361
    8012
cpunum 7351
    0325 1288 1724 7351 7573
    7582
CR0_PE 0727
    0727 1135 1171 9143
CR0_PG 0737
    0737 1050 1171
CR0_WP 0733
    0733 1050 1171
CR4_PSE 0739
    0739 1043 1164
create 6157
    6157 6177 6190 6194 6214
    6257 6278
CRTPORT 8051
    8051 8060 8061 8062 8063
    8081 8082 8083 8084
CTL 7709
    7709 7735 7739 7885
DAY 7432
    7432 7455
deallocuvm 1982
    0423 1968 1982 2016 2540
DEVSPACE 0204
    0204 1832 1845
devsw 4130
    4130 4135 5358 5360 5408
    5410 5711 8227 8228
dinode 4027
    4027 4051 5057 5061 5079
    5082 5156 5169
dirent 4065
    4065 5464 5505 6066 6104
dirlink 5502
    0287 5471 5502 5517 5525
    6041 6189 6193 6194
dirlookup 5461
    0288 5461 5467 5509 5625
    6123 6167
DIRSIZ 4063
    4063 4067 5455 5522 5578
    5579 5642 6015 6105 6161
DPL_USER 0779
    0779 1727 1728 2514 2515
    3323 3418 3427
E0ESC 7716
    7716 7870 7874 7875 7877
    7880
elfhdr 0955
    0955 6415 9219 9224
ELF_MAGIC 0952
    0952 6431 9230
ELF_PROG_LOAD 0986
    0986 6442
end_op 4753
    0336 2622 4753 5785 5879
    6023 6030 6048 6057 6113
    6147 6152 6216 6221 6227
    6236 6240 6258 6262 6279
    6283 6308 6314 6319 6422
    6452 6505
entry 1040
    0961 1036 1039 1040 3202
    3203 6492 6871 9221 9245
    9246
EOI 7215
    7215 7334 7375
ERROR 7236
    7236 7327
ESR 7218
    7218 7330 7331
exec 6410
    0274 3643 6347 6410 8468
    8529 8530 8626 8627 9433
    9434
EXEC 8557
    8557 8622 8759 9065
execcmd 8569 8753
    8569 8610 8623 8753 8755
    9021 9027 9028 9056 9066
exit 2604
    0359 2604 2642 3355 3359
    3419 3428 3638 3718 8416
    8419 8461 8526 8531 8616
    8625 8635 8680 8728 8735
    9361 9382 9415 9425 9431
    9435 9440 9460
EXTMEM 0202
    0202 0208 1829
fdalloc 5938
    5938 5958 6232 6362
fetchint 3517
    0398 3517 3547 6338
fetchstr 3529
    0399 3529 3576 6344
file 4100
    0252 0277 0278 0279 0281
    0282 0283 0351 2364 4100
    4870 5708 5714 5724 5727
    5730 5751 5752 5764 5766
    5802 5815 5852 5913 5919
    5922 5938 5953 5967 5979
    5992 6003 6205 6354 6556
    6571 7910 8308 8578 8633
    8634 8764 8772 8972
filealloc 5725
    0277 5725 6232 6577
fileclose 5764
    0278 2615 5764 5770 5997
    6234 6365 6366 6604 6606
filedup 5752
    0279 2579 5752 5756 5960
fileinit 5718
    0280 1232 5718
fileread 5815
    0281 5815 5830 5973
filestat 5802
    0282 5802 6008
filewrite 5852
    0283 5852 5884 5889 5985
FL_IF 0710
    0710 1662 1668 2518 2763
    7358
fork 2554
    0360 2554 3637 3712 8460
    8523 8525 8743 8745 9428
    9430
fork1 8739
    8600 8642 8654 8661 8676
    8724 8739
forkret 2783
    2417 2491 2783
freerange 3051
    3011 3034 3040 3051
freevm 2010
    0424 2010 2015 2078 2671
    6495 6502
FSSIZE 0162
    0162 4279
gatedesc 0901
    0523 0526 0901 3311
getcallerpcs 1626
    0378 1588 1626 2928 8015
getcmd 8684
    8684 8715
gettoken 8856
    8856 8941 8945 8957 8970
    8971 9007 9011 9033
growproc 2531
    0361 2531 3759
havedisk1 4230
    4230 4264 4362
holding 1644
    0379 1577 1604 1644 2757
HOURS 7431
    7431 7454
ialloc 5053
    0289 5053 5071 6176 6177
IBLOCK 4054
    4054 5060 5081 5168
I_BUSY 4125
    4125 5162 5164 5187 5191
    5213 5215
ICRHI 7229
    7229 7337 7407 7419
ICRLO 7219
    7219 7338 7339 7408 7410
    7420
ID 7212
    7212 7248 7366
IDE_BSY 4215
    4215 4239
IDE_CMD_READ 4220
    4220 4297
IDE_CMD_WRITE 4221
    4221 4294
IDE_DF 4217
    4217 4241
IDE_DRDY 4216
    4216 4239
IDE_ERR 4218
    4218 4241
ideinit 4251
    0305 1233 4251
ideintr 4302
    0306 3374 4302
idelock 4227
    4227 4255 4307 4309 4328
    4365 4379 4382
iderw 4354
    0307 4354 4359 4361 4363
    4508 4520
idestart 4275
    4231 4275 4278 4284 4326
    4375
idewait 4235
    4235 4258 4286 4316
idtinit 3329
    0406 1265 3329
idup 5139
    0290 2580 5139 5612
iget 5104
    5026 5067 5104 5124 5479
    5610
iinit 5018
    0291 2794 5018
ilock 5153
    0292 5153 5159 5179 5615
    5805 5824 5875 6027 6040
    6053 6117 6125 6165 6169
    6179 6224 6311 6425 8182
    8202 8217
inb 0453
    0453 4239 4263 7154 7441
    7864 7867 8061 8063 8334
    8340 8341 8357 8367 8369
    9123 9131 9254
initlock 1562
    0380 1562 2425 3032 3325
    4255 4443 4662 5020 5720
    6585 8225
initlog 4656
    0333 2795 4656 4659
inituvm 1903
    0425 1903 1908 2511
inode 4112
    0253 0287 0288 0289 0290
    0292 0293 0294 0295 0296
    0298 0299 0300 0301 0302
    0426 1918 2365 4106 4112
    4131 4132 4873 5014 5026
    5052 5076 5103 5106 5112
    5138 5139 5153 5185 5208
    5230 5260 5306 5337 5352
    5402 5460 5461 5502 5506
    5604 5607 5639 5650 6016
    6063 6103 6156 6160 6206
    6254 6269 6304 6416 8170
    8208
INPUT_BUF 8116
    8116 8118 8139 8151 8153
    8155 8187
insl 0462
    0462 0464 4317 9273
install_trans 4672
    4672 4721 4806
INT_DISABLED 7519
    7519 7567
ioapic 7527
    7107 7129 7130 7524 7527
    7536 7537 7543 7544 7558
IOAPIC 7508
    7508 7558
ioapicenable 7573
    0310 4257 7573 8232 8343
ioapicid 7017
    0311 7017 7130 7147 7561
    7562
ioapicinit 7551
    0312 1226 7551 7562
ioapicread 7534
    7534 7559 7560
ioapicwrite 7541
    7541 7567 7568 7581 7582
IO_PIC1 7607
    7607 7620 7635 7644 7647
    7652 7662 7676 7677
IO_PIC2 7608
    7608 7621 7636 7665 7666
    7667 7670 7679 7680
IO_TIMER1 8259
    8259 8268 8278 8279
IPB 4051
    4051 4054 5061 5082 5169
iput 5208
    0293 2621 5208 5214 5233
    5510 5633 5784 6046 6318
IRQ_COM1 3183
    3183 3384 8342 8343
IRQ_ERROR 3185
    3185 7327
IRQ_IDE 3184
    3184 3373 3377 4256 4257
IRQ_KBD 3182
    3182 3380 8231 8232
IRQ_SLAVE 7610
    7610 7614 7652 7667
IRQ_SPURIOUS 3186
    3186 3389 7307
IRQ_TIMER 3181
    3181 3364 3423 7314 8280
isdirempty 6063
    6063 6070 6129
ismp 7015
    0339 1234 7015 7112 7120
    7140 7143 7555 7575
itrunc 5306
    4873 5217 5306
iunlock 5185
    0294 5185 5188 5232 5622
    5807 5827 5878 6036 6239
    6317 8175 8212
iunlockput 5230
    0295 5230 5617 5626 5629
    6029 6042 6045 6056 6130
    6141 6145 6151 6168 6172
    6196 6226 6235 6261 6282
    6313 6451 6504
iupdate 5076
    0296 5076 5219 5332 5428
    6035 6055 6139 6144 6183
    6187
I_VALID 4126
    4126 5167 5177 5211
kalloc 3088
    0315 1294 1763 1842 1909
    1965 2069 2473 3088 6579
KBDATAP 7704
    7704 7867
kbdgetc 7856
    7856 7898
kbdintr 7896
    0321 3381 7896
KBS_DIB 7703
    7703 7865
KBSTATP 7702
    7702 7864
KERNBASE 0207
    0207 0208 0212 0213 0217
    0218 0220 0221 1315 1633
    1829 1958 2016
KERNLINK 0208
    0208 1830
KEY_DEL 7728
    7728 7769 7791 7815
KEY_DN 7722
    7722 7765 7787 7811
KEY_END 7720
    7720 7768 7790 7814
KEY_HOME 7719
    7719 7768 7790 7814
KEY_INS 7727
    7727 7769 7791 7815
KEY_LF 7723
    7723 7767 7789 7813
KEY_PGDN 7726
    7726 7766 7788 7812
KEY_PGUP 7725
    7725 7766 7788 7812
KEY_RT 7724
    7724 7767 7789 7813
KEY_UP 7721
    7721 7765 7787 7811
kfree 3065
    0316 1998 2000 2020 2023
    2565 2669 3056 3065 3070
    6602 6623
kill 2875
    0362 2875 3409 3642 3735
    8467
kinit1 3030
    0317 1219 3030
kinit2 3038
    0318 1237 3038
KSTACKSIZE 0151
    0151 1054 1063 1295 1879
    2477
kvmalloc 1857
    0418 1220 1857
lapiceoi 7372
    0327 3371 3375 3382 3386
    3392 7372
lapicinit 7301
    0328 1222 1256 7301
lapicstartap 7391
    0329 1299 7391
lapicw 7245
    7245 7307 7313 7314 7315
    7318 7319 7324 7327 7330
    7331 7334 7337 7338 7343
    7375 7407 7408 7410 7419
    7420
lcr3 0590
    0590 1868 1883
lgdt 0512
    0512 0520 1133 1733 9141
lidt 0526
    0526 0534 3331
LINT0 7234
    7234 7318
LINT1 7235
    7235 7319
LIST 8560
    8560 8640 8807 9083
listcmd 8590 8801
    8590 8611 8641 8801 8803
    8946 9057 9084
loadgs 0551
    0551 1734
loaduvm 1918
    0426 1918 1924 1927 6448
log 4637 4650
    4637 4650 4662 4664 4665
    4666 4676 4677 4678 4690
    4693 4694 4695 4706 4709
    4710 4711 4722 4730 4732
    4733 4734 4736 4738 4739
    4757 4758 4759 4760 4761
    4763 4766 4768 4774 4775
    4776 4777 4787 4788 4789
    4803 4807 4826 4828 4831
    4832 4833 4836 4837 4838
    4840
logheader 4632
    4632 4644 4658 4659 4691
    4707
LOGSIZE 0160
    0160 4634 4734 4826 5867
log_write 4822
    0334 4822 4829 4895 4916
    4941 5065 5089 5280 5422
ltr 0538
    0538 0540 1880
mappages 1779
    1779 1848 1911 1972 2072
MAXARG 0158
    0158 6327 6414 6465
MAXARGS 8563 9404
    8563 8571 8572 9040 9404
    9409 9413
MAXFILE 4024
    4024 5415
MAXOPBLOCKS 0159
    0159 0160 0161 4734
memcmp 6715
    0386 6715 7045 7088 7476
memmove 6731
    0387 1285 1912 2071 2132
    4679 4790 4883 5088 5175
    5371 5421 5579 5581 6731
    6754 8076
memset 6704
    0388 1766 1844 1910 1971
    2490 2513 3073 4894 5063
    6134 6334 6704 8078 8687
    8758 8769 8785 8806 8819
microdelay 7381
    0330 7381 7409 7411 7421
    7439 8358
min 4872
    4872 5370 5420 9444 9451
    9454 9458
MINS 7430
    7430 7453
MONTH 7433
    7433 7456
mp 6852
    6852 7008 7037 7044 7045
    7046 7055 7060 7064 7065
    7068 7069 7080 7083 7085
    7087 7094 7104 7110 7150
mpbcpu 7020
    0340 7020
MPBUS 6902
    6902 7133
mpconf 6863
    6863 7079 7082 7087 7105
mpconfig 7080
    7080 7110
mpenter 1252
    1252 1296
mpinit 7101
    0341 1221 7101 7119 7139
mpioapic 6889
    6889 7107 7129 7131
MPIOAPIC 6903
    6903 7128
MPIOINTR 6904
    6904 7134
MPLINTR 6905
    6905 7135
mpmain 1262
    1209 1240 1257 1262
mpproc 6878
    6878 7106 7117 7126
MPPROC 6901
    6901 7116
mpsearch 7056
    7056 7085
mpsearch1 7038
    7038 7064 7068 7071
multiboot_header 1025
    1024 1025
namecmp 5453
    0297 5453 5474 6120
namei 5640
    0298 2523 5640 6022 6220
    6307 6421
nameiparent 5651
    0299 5605 5620 5632 5651
    6038 6112 6163
namex 5605
    5605 5643 5653
NBUF 0161
    0161 4431 4453
ncpu 7016
    1224 1287 2319 4257 7016
    7118 7119 7123 7124 7125
    7145
NCPU 0152
    0152 2318 7013
NDEV 0156
    0156 5358 5408 5711
NDIRECT 4022
    4022 4024 4033 4123 5265
    5270 5274 5275 5312 5319
    5320 5327 5328
NELEM 0434
    0434 1847 2922 3633 6336
nextpid 2416
    2416 2469
NFILE 0154
    0154 5714 5730
NINDIRECT 4023
    4023 4024 5272 5322
NINODE 0155
    0155 5014 5112
NO 7706
    7706 7752 7755 7757 7758
    7759 7760 7762 7774 7777
    7779 7780 7781 7782 7784
    7802 7803 7805 7806 7807
    7808
NOFILE 0153
    0153 2364 2577 2613 5926
    5942
NPDENTRIES 0821
    0821 1311 2017
NPROC 0150
    0150 2411 2461 2631 2662
    2718 2857 2880 2919
NPTENTRIES 0822
    0822 1994
NSEGS 2301
    1711 2301 2308
nulterminate 9052
    8915 8930 9052 9073 9079
    9080 9085 9086 9091
NUMLOCK 7713
    7713 7746
O_CREATE 3903
    3903 6213 8978 8981
O_RDONLY 3900
    3900 6225 8975
O_RDWR 3902
    3902 6246 8514 8516 8707
outb 0471
    0471 4261 4270 4287 4288
    4289 4290 4291 4292 4294
    4297 7153 7154 7399 7400
    7438 7620 7621 7635 7636
    7644 7647 7652 7662 7665
    7666 7667 7670 7676 7677
    7679 7680 8060 8062 8081
    8082 8083 8084 8277 8278
    8279 8323 8326 8327 8328
    8329 8330 8331 8359 9128
    9136 9264 9265 9266 9267
    9268 9269
outsl 0483
    0483 0485 4295
outw 0477
    0477 1181 1183 9174 9176
O_WRONLY 3901
    3901 6245 6246 8978 8981
P2V 0218
    0218 1219 1237 7062 7401
    8052
panic 8005 8732
    0271 1578 1605 1669 1671
    1790 1846 1882 1908 1924
    1927 1998 2015 2035 2064
    2066 2510 2610 2642 2758
    2760 2762 2764 2806 2809
    3070 3405 4278 4280 4284
    4359 4361 4363 4498 4518
    4529 4659 4760 4827 4829
    4924 4939 5071 5124 5159
    5179 5188 5214 5286 5467
    5471 5517 5525 5756 5770
    5830 5884 5889 6070 6128
    6136 6177 6190 6194 7963
    8005 8012 8073 8601 8620
    8653 8732 8745 8928 8972
    9006 9010 9036 9041
panicked 7918
    7918 8018 8103
parseblock 9001
    9001 9006 9025
parsecmd 8918
    8602 8725 8918
parseexec 9017
    8914 8955 9017
parseline 8935
    8912 8924 8935 8946 9008
parsepipe 8951
    8913 8939 8951 8958
parseredirs 8964
    8964 9012 9031 9042
PCINT 7233
    7233 7324
pde_t 0103
    0103 0420 0421 0422 0423
    0424 0425 0426 0427 0430
    0431 1210 1270 1311 1710
    1754 1756 1779 1836 1839
    1842 1903 1918 1953 1982
    2010 2029 2052 2053 2055
    2102 2118 2355 6418
PDX 0812
    0812 1759
PDXSHIFT 0827
    0812 0818 0827 1315
peek 8901
    8901 8925 8940 8944 8956
    8969 9005 9009 9024 9032
PGROUNDDOWN 0830
    0830 1784 1785 2125
PGROUNDUP 0829
    0829 1963 1990 3054 6457
PGSIZE 0823
    0823 0829 0830 1310 1766
    1794 1795 1844 1907 1910
    1911 1923 1925 1929 1932
    1964 1971 1972 1991 1994
    2062 2071 2072 2129 2135
    2512 2519 3055 3069 3073
    6458 6460
PHYSTOP 0203
    0203 1237 1831 1845 1846
    3069
picenable 7625
    0345 4256 7625 8231 8280
    8342
picinit 7632
    0346 1225 7632
picsetmask 7617
    7617 7627 7683
pinit 2423
    0363 1229 2423
pipe 6561
    0254 0352 0353 0354 3640
    4105 5781 5822 5859 6561
    6573 6579 6585 6589 6593
    6611 6630 6651 8463 8652
    8653
PIPE 8559
    8559 8650 8786 9077
pipealloc 6571
    0351 6359 6571
pipeclose 6611
    0352 5781 6611
pipecmd 8584 8780
    8584 8612 8651 8780 8782
    8958 9058 9078
piperead 6651
    0353 5822 6651
PIPESIZE 6559
    6559 6563 6636 6644 6666
pipewrite 6630
    0354 5859 6630
popcli 1666
    0383 1621 1666 1669 1671
    1884
printint 7926
    7926 7976 7980
proc 2353
    0255 0358 0428 1205 1558
    1706 1738 1873 1879 2315
    2330 2353 2359 2406 2411
    2414 2454 2457 2461 2504
    2535 2537 2540 2543 2544
    2557 2564 2570 2571 2572
    2578 2579 2580 2582 2606
    2609 2614 2615 2616 2621
    2623 2628 2631 2632 2640
    2655 2662 2663 2683 2689
    2710 2718 2725 2728 2733
    2761 2766 2775 2805 2823
    2824 2828 2855 2857 2877
    2880 2915 2919 3305 3354
    3356 3358 3401 3409 3410
    3412 3418 3423 3427 3505
    3519 3533 3536 3547 3560
    3632 3634 3662 3666 3667
    3707 3741 3758 3775 4207
    4866 5612 5911 5926 5943
    5944 5996 6318 6320 6364
    6404 6486 6489 6490 6491
    6492 6493 6494 6554 6637
    6657 7011 7106 7117 7118
    7119 7122 7913 8180 8310
procdump 2904
    0364 2904 8165
proghdr 0974
    0974 6417 9220 9234
PTE_ADDR 0844
    0844 1761 1928 1996 2019
    2067 2111
PTE_FLAGS 0845
    0845 2068
PTE_P 0833
    0833 1313 1315 1760 1770
    1789 1791 1995 2018 2065
    2107
PTE_PS 0840
    0840 1313 1315
pte_t 0848
    0848 1753 1757 1761 1763
    1782 1921 1984 2031 2056
    2104
PTE_U 0835
    0835 1770 1911 1972 2036
    2109
PTE_W 0834
    0834 1313 1315 1770 1829
    1831 1832 1911 1972
PTX 0815
    0815 1772
PTXSHIFT 0826
    0815 0818 0826
pushcli 1655
    0382 1576 1655 1875
rcr2 0582
    0582 3404 3411
readeflags 0544
    0544 1659 1668 2763 7358
read_head 4688
    4688 4720
readi 5352
    0300 1933 5352 5470 5516
    5825 6069 6070 6429 6440
readsb 4878
    0286 4663 4878 4934 5021
readsect 9260
    9260 9295
readseg 9279
    9214 9227 9238 9279
recover_from_log 4718
    4652 4667 4718
REDIR 8558
    8558 8630 8770 9071
redircmd 8575 8764
    8575 8613 8631 8764 8766
    8975 8978 8981 9059 9072
REG_ID 7510
    7510 7560
REG_TABLE 7512
    7512 7567 7568 7581 7582
REG_VER 7511
    7511 7559
release 1602
    0381 1602 1605 2464 2470
    2589 2677 2684 2735 2777
    2787 2819 2832 2868 2886
    2890 3081 3098 3369 3776
    3781 3794 4309 4328 4382
    4478 4494 4543 4739 4768
    4777 4840 5115 5131 5143
    5165 5193 5216 5225 5733
    5737 5758 5772 5778 6622
    6625 6638 6647 6658 6669
    8001 8163 8181 8201 8216
ROOTDEV 0157
    0157 2794 2795 5610
ROOTINO 4004
    4004 5610
rtcdate 9300
    0256 0324 3803 7450 7461
    7463 9300 9357 9410
run 3014
    2911 3014 3015 3021 3067
    3077 3090
runcmd 8606
    8606 8620 8637 8643 8645
    8659 8666 8677 8725
RUNNING 2350
    2350 2727 2761 2911 3423
safestrcpy 6782
    0389 2522 2582 6486 6782
sb 4874
    0286 4054 4060 4661 4663
    4664 4665 4874 4878 4883
    4910 4911 4912 4934 4935
    5021 5022 5023 5059 5060
    5081 5168 7464 7466 7468
sched 2753
    0366 2641 2753 2758 2760
    2762 2764 2776 2825
scheduler 2708
    0365 1267 2306 2708 2728
    2766
SCROLLLOCK 7714
    7714 7747
SECS 7429
    7429 7452
SECTOR_SIZE 4214
    4214 4281
SECTSIZE 9212
    9212 9273 9286 9289 9294
SEG 0769
    0769 1725 1726 1727 1728
    1731
SEG16 0773
    0773 1876
SEG_ASM 0660
    0660 1190 1191 9184 9185
segdesc 0752
    0509 0512 0752 0769 0773
    1711 2308
seginit 1716
    0417 1223 1255 1716
SEG_KCODE 0741
    0741 1150 1725 3322 3323
    9153
SEG_KCPU 0743
    0743 1731 1734 3266
SEG_KDATA 0742
    0742 1154 1726 1878 3263
    9158
SEG_NULLASM 0654
    0654 1189 9183
SEG_TSS 0746
    0746 1876 1877 1880
SEG_UCODE 0744
    0744 1727 2514
SEG_UDATA 0745
    0745 1728 2515
SETGATE 0921
    0921 3322 3323
setupkvm 1837
    0420 1837 1859 2060 2509
    6434
SHIFT 7708
    7708 7736 7737 7885
skipelem 5565
    5565 5614
sleep 2803
    0367 2689 2803 2806 2809
    2909 3649 3779 4379 4481
    4733 4736 5163 6642 6661
    8185 8479
spinlock 1501
    0257 0367 0377 0379 0380
    0381 0409 1501 1559 1562
    1574 1602 1644 2407 2410
    2803 3009 3019 3308 3313
    4210 4227 4425 4430 4603
    4638 4867 5013 5709 5713
    6557 6562 7908 7921 8306
STA_R 0669 0786
    0669 0786 1190 1725 1727
    9184
start 1125 8408 9111
    1124 1125 1167 1175 1177
    4639 4664 4677 4690 4706
    4788 5022 8407 8408 9110
    9111 9167
startothers 1274
    1208 1236 1274
stat 3954
    0258 0282 0301 3954 4864
    5337 5802 5909 6004 8503
stati 5337
    0301 5337 5806
STA_W 0668 0785
    0668 0785 1191 1726 1728
    1731 9185
STA_X 0665 0782
    0665 0782 1190 1725 1727
    9184
sti 0563
    0563 0565 1673 2714
stosb 0492
    0492 0494 6710 9240
stosl 0501
    0501 0503 6708
strlen 6801
    0390 6467 6468 6801 8719
    8923
strncmp 6758
    0391 5455 6758
strncpy 6768
    0392 5522 6768
STS_IG32 0800
    0800 0927
STS_T32A 0797
    0797 1876
STS_TG32 0801
    0801 0927
sum 7026
    7026 7028 7030 7032 7033
    7045 7092
superblock 4012
    0259 0286 4012 4661 4874
    4878
SVR 7216
    7216 7307
switchkvm 1866
    0429 1254 1860 1866 2729
switchuvm 1873
    0428 1873 1882 2544 2726
    6494
swtch 2958
    0374 2728 2766 2957 2958
syscall 3628
    0400 3357 3507 3628 3660
    3662
SYSCALL 8453 8460 8461 8462 8463 8464 8465 8466 8467 8468 8469 8470 8471 8472 8473 8474 8475 8476 8477 8478 8479 8480 8481
    8460 8461 8462 8463 8464
    8465 8466 8467 8468 8469
    8470 8471 8472 8473 8474
    8475 8476 8477 8478 8479
    8480 8481
sys_chdir 6301
    3579 3611 6301
SYS_chdir 3459
    3459 3611 3645
sys_close 5989
    3580 3623 5989
SYS_close 3471
    3471 3623 3657
sys_date 3801
    3600 3624 3801 9424
SYS_date 3472
    3472 3624 3658
sys_dup 5951
    3581 3612 5951
SYS_dup 3460
    3460 3612 3646
sys_exec 6325
    3582 3609 6325
SYS_exec 3457
    3457 3609 3643 8412
sys_exit 3716
    3583 3604 3716
SYS_exit 3452
    3452 3604 3638 8417
sys_fork 3710
    3584 3603 3710
SYS_fork 3451
    3451 3603 3637
sys_fstat 6001
    3585 3610 6001
SYS_fstat 3458
    3458 3610 3644
sys_getpid 3739
    3586 3613 3739
SYS_getpid 3461
    3461 3613 3647
sys_kill 3729
    3587 3608 3729
SYS_kill 3456
    3456 3608 3642
sys_link 6013
    3588 3621 6013
SYS_link 3469
    3469 3621 3655
sys_mkdir 6251
    3589 3622 6251
SYS_mkdir 3470
    3470 3622 3656
sys_mknod 6267
    3590 3619 6267
SYS_mknod 3467
    3467 3619 3653
sys_open 6201
    3591 3617 6201
SYS_open 3465
    3465 3617 3651
sys_pipe 6351
    3592 3606 6351
SYS_pipe 3454
    3454 3606 3640
sys_read 5965
    3593 3607 5965
SYS_read 3455
    3455 3607 3641
sys_sbrk 3751
    3594 3614 3751
SYS_sbrk 3462
    3462 3614 3648
sys_sleep 3765
    3595 3615 3765
SYS_sleep 3463
    3463 3615 3649
sys_unlink 6101
    3596 3620 6101
SYS_unlink 3468
    3468 3620 3654
sys_uptime 3788
    3599 3616 3788
SYS_uptime 3464
    3464 3616 3650
sys_wait 3723
    3597 3605 3723
SYS_wait 3453
    3453 3605 3639
sys_write 5977
    3598 3618 5977
SYS_write 3466
    3466 3618 3652
taskstate 0851
    0851 2307
TDCR 7240
    7240 7313
T_DEV 3952
    3952 5357 5407 6278
T_DIR 3950
    3950 5466 5616 6028 6129
    6137 6185 6225 6257 6312
T_FILE 3951
    3951 6170 6214
ticks 3314
    0407 3314 3367 3368 3773
    3774 3779 3793
tickslock 3313
    0409 3313 3325 3366 3369
    3772 3776 3779 3781 3792
    3794
TICR 7238
    7238 7315
TIMER 7230
    7230 7314
TIMER_16BIT 8271
    8271 8277
TIMER_DIV 8266
    8266 8278 8279
TIMER_FREQ 8265
    8265 8266
timerinit 8274
    0403 1235 8274
TIMER_MODE 8268
    8268 8277
TIMER_RATEGEN 8270
    8270 8277
TIMER_SEL0 8269
    8269 8277
T_IRQ0 3179
    3179 3364 3373 3377 3380
    3384 3388 3389 3423 7307
    7314 7327 7567 7581 7647
    7666
TPR 7214
    7214 7343
trap 3351
    3202 3204 3272 3351 3403
    3405 3408
trapframe 0602
    0602 2360 2481 3351
trapret 3277
    2418 2486 3276 3277
T_SYSCALL 3176
    3176 3323 3353 8413 8418
    8457
tvinit 3317
    0408 1230 3317
uart 8315
    8315 8336 8355 8365
uartgetc 8363
    8363 8375
uartinit 8318
    0412 1228 8318
uartintr 8373
    0413 3385 8373
uartputc 8351
    0414 8110 8112 8347 8351
userinit 2502
    0368 1238 2502 2510
uva2ka 2102
    0421 2102 2126
V2P 0217
    0217 1830 1831
V2P_WO 0220
    0220 1036 1046
VER 7213
    7213 7323
wait 2653
    0369 2653 3639 3725 8462
    8533 8644 8670 8671 8726
    9437
waitdisk 9251
    9251 9263 9272
wakeup 2864
    0370 2864 3368 4322 4541
    4766 4776 5192 5222 6616
    6619 6641 6646 6668 8157
wakeup1 2853
    2420 2628 2635 2853 2867
walkpgdir 1754
    1754 1787 1926 1992 2033
    2063 2106
write_head 4704
    4704 4723 4805 4808
writei 5402
    0302 5402 5524 5876 6135
    6136
write_log 4783
    4783 4804
xchg 0569
    0569 1266 1583 1619
YEAR 7434
    7434 7457
yield 2772
    0371 2772 3424
